v3.0 hex words addressed
000: 0000000000 0000000000 0000000000 0000000000 0000000000 0000000000 0000000000 0000000000
008: 0000000000 0000000000 0000000000 0000000000 0000000000 0000000000 0000000000 0000000000
010: 0000000000 0000000000 0000000000 0000000000 0000000000 0000000000 0000000000 0000000000
018: 0000000000 0000000000 0000000000 0000000000 0000000000 0000000000 0000000000 0000000000
020: 0000000000 0000000000 0000000000 0000000000 0000000000 0000000000 0000000000 0000000000
028: 0000000000 0000000000 0000000000 0000000000 0000000000 0000000000 0000000000 0000000000
030: 0000000000 0000000000 0000000000 0000000000 0000000000 0000000000 0000000000 0000000000
038: 0000000000 0000000000 0000000000 0000000000 0000000000 0000000000 0000000000 0000000000
040: 0000000000 0000000000 0000000000 0000000000 0000000000 0000000000 0000000000 0000000000
048: 0000000000 0000000000 0000000000 0000000000 0000000000 0000000000 0000000000 0000000000
050: 0000000000 0000000000 0000000000 0000000000 0000000000 0000000000 0000000000 0000000000
058: 0000000000 0000000000 0000000000 0000000000 0000000000 0000000000 0000000000 0000000000
060: 0000000000 0000000000 0000000000 0000000000 0000000000 0000000000 0000000000 0000000000
068: 0000000000 0000000000 0000000000 0000000000 0000000000 0000000000 0000000000 0000000000
070: 0000000000 0000000000 0000000000 0000000000 0000000000 0000000000 0000000000 0000000000
078: 0000000000 0000000000 0000000000 0000000000 0000000000 0000000000 0000000000 0000000000
080: 0000000000 0000000000 0000000000 0000000000 0000000000 0000000000 0000000000 0000000000
088: 0000000000 0000000000 0000000000 0000000000 0000000000 0000000000 0000000000 0000000000
090: 0000000000 0000000000 0000000000 0000000000 0000000000 0000000000 0000000000 0000000000
098: 0000000000 0000000000 0000000000 0000000000 0000000000 0000000000 0000000000 0000000000
0a0: 0000000000 0000000000 0000000000 0000000000 0000000000 0000000000 0000000000 0000000000
0a8: 0000000000 0000000000 0000000000 0000000000 0000000000 0000000000 0000000000 0000000000
0b0: 0000000000 0000000000 0000000000 0000000000 0000000000 0000000000 0000000000 0000000000
0b8: 0000000000 0000000000 0000000000 0000000000 0000000000 0000000000 0000000000 0000000000
0c0: 0000000000 0000000000 0000000000 0000000000 0000000000 0000000000 0000000000 0000000000
0c8: 0000000000 0000000000 0000000000 0000000000 0000000000 0000000000 0000000000 0000000000
0d0: 0000000000 0000000000 0000000000 0000000000 0000000000 0000000000 0000000000 0000000000
0d8: 0000000000 0000000000 0000000000 0000000000 0000000000 0000000000 0000000000 0000000000
0e0: 0000000000 0000000000 0000000000 0000000000 0000000000 0000000000 0000000000 0000000000
0e8: 0000000000 0000000000 0000000000 0000000000 0000000000 0000000000 0000000000 0000000000
0f0: 0000000000 0000000000 0000000000 0000000000 0000000000 0000000000 0000000000 0000000000
0f8: 0000000000 0000000000 0000000000 0000000000 0000000000 0000000000 0000000000 0000000000
100: 0000000000 0000000000 0000000000 0000000000 0000000000 0000000000 0000000000 0000000000
108: 0000000000 0000000000 0000000000 0000000000 0000000000 0000000000 0000000000 0000000000
110: 0000000000 0000000000 0000000000 0000000000 0000000000 0000000000 0000000000 0000000000
118: 0000000000 0000000000 0000000000 0000000000 0000000000 0000000000 0000000000 0000000000
120: 0000000000 0000000000 0000000000 0000000000 0000000000 0000000000 0000000000 0000000000
128: 0000000000 0000000000 0000000000 0000000000 0000000000 0000000000 0000000000 0000000000
130: 0000000000 0000000000 0000000000 0000000000 0000000000 0000000000 0000000000 0000000000
138: 0000000000 0000000000 0000000000 0000000000 0000000000 0000000000 0000000000 0000000000
140: 0000000000 0000000000 0000000000 0000000000 0000000000 0000000000 0000000000 0000000000
148: 0000000000 0000000000 0000000000 0000000000 0000000000 0000000000 0000000000 0000000000
150: 0000000000 0000000000 0000000000 0000000000 0000000000 0000000000 0000000000 0000000000
158: 0000000000 0000000000 0000000000 0000000000 0000000000 0000000000 0000000000 0000000000
160: 0000000000 0000000000 0000000000 0000000000 0000000000 0000000000 0000000000 0000000000
168: 0000000000 0000000000 0000000000 0000000000 0000000000 0000000000 0000000000 0000000000
170: 0000000000 0000000000 0000000000 0000000000 0000000000 0000000000 0000000000 0000000000
178: 0000000000 0000000000 0000000000 0000000000 0000000000 0000000000 0000000000 0000000000
180: 0000000000 0000000000 0000000000 0000000000 0000000000 0000000000 0000000000 0000000000
188: 0000000000 0000000000 0000000000 0000000000 0000000000 0000000000 0000000000 0000000000
190: 0000000000 0000000000 0000000000 0000000000 0000000000 0000000000 0000000000 0000000000
198: 0000000000 0000000000 0000000000 0000000000 0000000000 0000000000 0000000000 0000000000
1a0: 0000000000 0000000000 0000000000 0000000000 0000000000 0000000000 0000000000 0000000000
1a8: 0000000000 0000000000 0000000000 0000000000 0000000000 0000000000 0000000000 0000000000
1b0: 0000000000 0000000000 0000000000 0000000000 0000000000 0000000000 0000000000 0000000000
1b8: 0000000000 0000000000 0000000000 0000000000 0000000000 0000000000 0000000000 0000000000
1c0: 0000000000 0000000000 0000000000 0000000000 0000000000 0000000000 0000000000 0000000000
1c8: 0000000000 0000000000 0000000000 0000000000 0000000000 0000000000 0000000000 0000000000
1d0: 0000000000 0000000000 0000000000 0000000000 0000000000 0000000000 0000000000 0000000000
1d8: 0000000000 0000000000 0000000000 0000000000 0000000000 0000000000 0000000000 0000000000
1e0: 0000000000 0000000000 0000000000 0000000000 0000000000 0000000000 0000000000 0000000000
1e8: 0000000000 0000000000 0000000000 0000000000 0000000000 0000000000 0000000000 0000000000
1f0: 0000000000 0000000000 0000000000 0000000000 0000000000 0000000000 0000000000 0000000000
1f8: 0000000000 0000000000 0000000000 0000000000 0000000000 0000000000 0000000000 0000000000
200: 0000000000 0000000000 0000000000 0000000000 0000000000 0000000000 0000000000 0000000000
208: 0000000000 0000000000 0000000000 0000000000 0000000000 0000000000 0000000000 0000000000
210: 0000000000 0000000000 0000000000 0000000000 0000000000 0000000000 0000000000 0000000000
218: 0000000000 0000000000 0000000000 0000000000 0000000000 0000000000 0000000000 0000000000
220: 0000000000 0000000000 0000000000 0000000000 0000000000 0000000000 0000000000 0000000000
228: 0000000000 0000000000 0000000000 0000000000 0000000000 0000000000 0000000000 0000000000
230: 0000000000 0000000000 0000000000 0000000000 0000000000 0000000000 0000000000 0000000000
238: 0000000000 0000000000 0000000000 0000000000 0000000000 0000000000 0000000000 0000000000
240: 0000000000 0000000000 0000000000 0000000000 0000000000 0000000000 0000000000 0000000000
248: 0000000000 0000000000 0000000000 0000000000 0000000000 0000000000 0000000000 0000000000
250: 0000000000 0000000000 0000000000 0000000000 0000000000 0000000000 0000000000 0000000000
258: 0000000000 0000000000 0000000000 0000000000 0000000000 0000000000 0000000000 0000000000
260: 0000000000 0000000000 0000000000 0000000000 0000000000 0000000000 0000000000 0000000000
268: 0000000000 0000000000 0000000000 0000000000 0000000000 0000000000 0000000000 0000000000
270: 0000000000 0000000000 0000000000 0000000000 0000000000 0000000000 0000000000 0000000000
278: 0000000000 0000000000 0000000000 0000000000 0000000000 0000000000 0000000000 0000000000
280: 0000000000 0000000000 0000000000 0000000000 0000000000 0000000000 0000000000 0000000000
288: 0000000000 0000000000 0000000000 0000000000 0000000000 0000000000 0000000000 0000000000
290: 0000000000 0000000000 0000000000 0000000000 0000000000 0000000000 0000000000 0000000000
298: 0000000000 0000000000 0000000000 0000000000 0000000000 0000000000 0000000000 0000000000
2a0: 0000000000 0000000000 0000000000 0000000000 0000000000 0000000000 0000000000 0000000000
2a8: 0000000000 0000000000 0000000000 0000000000 0000000000 0000000000 0000000000 0000000000
2b0: 0000000000 0000000000 0000000000 0000000000 0000000000 0000000000 0000000000 0000000000
2b8: 0000000000 0000000000 0000000000 0000000000 0000000000 0000000000 0000000000 0000000000
2c0: 0000000000 0000000000 0000000000 0000000000 0000000000 0000000000 0000000000 0000000000
2c8: 0000000000 0000000000 0000000000 0000000000 0000000000 0000000000 0000000000 0000000000
2d0: 0000000000 0000000000 0000000000 0000000000 0000000000 0000000000 0000000000 0000000000
2d8: 0000000000 0000000000 0000000000 0000000000 0000000000 0000000000 0000000000 0000000000
2e0: 0000000000 0000000000 0000000000 0000000000 0000000000 0000000000 0000000000 0000000000
2e8: 0000000000 0000000000 0000000000 0000000000 0000000000 0000000000 0000000000 0000000000
2f0: 0000000000 0000000000 0000000000 0000000000 0000000000 0000000000 0000000000 0000000000
2f8: 0000000000 0000000000 0000000000 0000000000 0000000000 0000000000 0000000000 0000000000
300: 0000000000 0000000000 0000000000 0000000000 0000000000 0000000000 0000000000 0000000000
308: 0000000000 0000000000 0000000000 0000000000 0000000000 0000000000 0000000000 0000000000
310: 0000000000 0000000000 0000000000 0000000000 0000000000 0000000000 0000000000 0000000000
318: 0000000000 0000000000 0000000000 0000000000 0000000000 0000000000 0000000000 0000000000
320: 0000000000 0000000000 0000000000 0000000000 0000000000 0000000000 0000000000 0000000000
328: 0000000000 0000000000 0000000000 0000000000 0000000000 0000000000 0000000000 0000000000
330: 0000000000 0000000000 0000000000 0000000000 0000000000 0000000000 0000000000 0000000000
338: 0000000000 0000000000 0000000000 0000000000 0000000000 0000000000 0000000000 0000000000
340: 0000000000 0000000000 0000000000 0000000000 0000000000 0000000000 0000000000 0000000000
348: 0000000000 0000000000 0000000000 0000000000 0000000000 0000000000 0000000000 0000000000
350: 0000000000 0000000000 0000000000 0000000000 0000000000 0000000000 0000000000 0000000000
358: 0000000000 0000000000 0000000000 0000000000 0000000000 0000000000 0000000000 0000000000
360: 0000000000 0000000000 0000000000 0000000000 0000000000 0000000000 0000000000 0000000000
368: 0000000000 0000000000 0000000000 0000000000 0000000000 0000000000 0000000000 0000000000
370: 0000000000 0000000000 0000000000 0000000000 0000000000 0000000000 0000000000 0000000000
378: 0000000000 0000000000 0000000000 0000000000 0000000000 0000000000 0000000000 0000000000
380: 0000000000 0000000000 0000000000 0000000000 0000000000 0000000000 0000000000 0000000000
388: 0000000000 0000000000 0000000000 0000000000 0000000000 0000000000 0000000000 0000000000
390: 0000000000 0000000000 0000000000 0000000000 0000000000 0000000000 0000000000 0000000000
398: 0000000000 0000000000 0000000000 0000000000 0000000000 0000000000 0000000000 0000000000
3a0: 0000000000 0000000000 0000000000 0000000000 0000000000 0000000000 0000000000 0000000000
3a8: 0000000000 0000000000 0000000000 0000000000 0000000000 0000000000 0000000000 0000000000
3b0: 0000000000 0000000000 0000000000 0000000000 0000000000 0000000000 0000000000 0000000000
3b8: 0000000000 0000000000 0000000000 0000000000 0000000000 0000000000 0000000000 0000000000
3c0: 0000000000 0000000000 0000000000 0000000000 0000000000 0000000000 0000000000 0000000000
3c8: 0000000000 0000000000 0000000000 0000000000 0000000000 0000000000 0000000000 0000000000
3d0: 0000000000 0000000000 0000000000 0000000000 0000000000 0000000000 0000000000 0000000000
3d8: 0000000000 0000000000 0000000000 0000000000 0000000000 0000000000 0000000000 0000000000
3e0: 0000000000 0000000000 0000000000 0000000000 0000000000 0000000000 0000000000 0000000000
3e8: 0000000000 0000000000 0000000000 0000000000 0000000000 0000000000 0000000000 0000000000
3f0: 0000000000 0000000000 0000000000 0000000000 0000000000 0000000000 0000000000 0000000000
3f8: 0000000000 0000000000 0000000000 0000000000 0000000000 0000000000 0000000000 0000000000
400: 0000000000 0000000000 0000000000 0000000000 0000000000 0000000000 0000000000 0000000000
408: 0000000000 0000000000 0000000000 0000000000 0000000000 0000000000 0000000000 0000000000
410: 0000000000 0000000000 0000000000 0000000000 0000000000 0000000000 0000000000 0000000000
418: 0000000000 0000000000 0000000000 0000000000 0000000000 0000000000 0000000000 0000000000
420: 0000000000 0000000000 0000000000 0000000000 0000000000 0000000000 0000000000 0000000000
428: 0000000000 0000000000 0000000000 0000000000 0000000000 0000000000 0000000000 0000000000
430: 0000000000 0000000000 0000000000 0000000000 0000000000 0000000000 0000000000 0000000000
438: 0000000000 0000000000 0000000000 0000000000 0000000000 0000000000 0000000000 0000000000
440: 0000000000 0000000000 0000000000 0000000000 0000000000 0000000000 0000000000 0000000000
448: 0000000000 0000000000 0000000000 0000000000 0000000000 0000000000 0000000000 0000000000
450: 0000000000 0000000000 0000000000 0000000000 0000000000 0000000000 0000000000 0000000000
458: 0000000000 0000000000 0000000000 0000000000 0000000000 0000000000 0000000000 0000000000
460: 0000000000 0000000000 0000000000 0000000000 0000000000 0000000000 0000000000 0000000000
468: 0000000000 0000000000 0000000000 0000000000 0000000000 0000000000 0000000000 0000000000
470: 0000000000 0000000000 0000000000 0000000000 0000000000 0000000000 0000000000 0000000000
478: 0000000000 0000000000 0000000000 0000000000 0000000000 0000000000 0000000000 0000000000
480: 0000000000 0000000000 0000000000 0000000000 0000000000 0000000000 0000000000 0000000000
488: 0000000000 0000000000 0000000000 0000000000 0000000000 0000000000 0000000000 0000000000
490: 0000000000 0000000000 0000000000 0000000000 0000000000 0000000000 0000000000 0000000000
498: 0000000000 0000000000 0000000000 0000000000 0000000000 0000000000 0000000000 0000000000
4a0: 0000000000 0000000000 0000000000 0000000000 0000000000 0000000000 0000000000 0000000000
4a8: 0000000000 0000000000 0000000000 0000000000 0000000000 0000000000 0000000000 0000000000
4b0: 0000000000 0000000000 0000000000 0000000000 0000000000 0000000000 0000000000 0000000000
4b8: 0000000000 0000000000 0000000000 0000000000 0000000000 0000000000 0000000000 0000000000
4c0: 0000000000 0000000000 0000000000 0000000000 0000000000 0000000000 0000000000 0000000000
4c8: 0000000000 0000000000 0000000000 0000000000 0000000000 0000000000 0000000000 0000000000
4d0: 0000000000 0000000000 0000000000 0000000000 0000000000 0000000000 0000000000 0000000000
4d8: 0000000000 0000000000 0000000000 0000000000 0000000000 0000000000 0000000000 0000000000
4e0: 0000000000 0000000000 0000000000 0000000000 0000000000 0000000000 0000000000 0000000000
4e8: 0000000000 0000000000 0000000000 0000000000 0000000000 0000000000 0000000000 0000000000
4f0: 0000000000 0000000000 0000000000 0000000000 0000000000 0000000000 0000000000 0000000000
4f8: 0000000000 0000000000 0000000000 0000000000 0000000000 0000000000 0000000000 0000000000
500: 0000000000 0000000000 0000000000 0000000000 0000000000 0000000000 0000000000 0000000000
508: 0000000000 0000000000 0000000000 0000000000 0000000000 0000000000 0000000000 0000000000
510: 0000000000 0000000000 0000000000 0000000000 0000000000 0000000000 0000000000 0000000000
518: 0000000000 0000000000 0000000000 0000000000 0000000000 0000000000 0000000000 0000000000
520: 0000000000 0000000000 0000000000 0000000000 0000000000 0000000000 0000000000 0000000000
528: 0000000000 0000000000 0000000000 0000000000 0000000000 0000000000 0000000000 0000000000
530: 0000000000 0000000000 0000000000 0000000000 0000000000 0000000000 0000000000 0000000000
538: 0000000000 0000000000 0000000000 0000000000 0000000000 0000000000 0000000000 0000000000
540: 0000000000 0000000000 0000000000 0000000000 0000000000 0000000000 0000000000 0000000000
548: 0000000000 0000000000 0000000000 0000000000 0000000000 0000000000 0000000000 0000000000
550: 0000000000 0000000000 0000000000 0000000000 0000000000 0000000000 0000000000 0000000000
558: 0000000000 0000000000 0000000000 0000000000 0000000000 0000000000 0000000000 0000000000
560: 0000000000 0000000000 0000000000 0000000000 0000000000 0000000000 0000000000 0000000000
568: 0000000000 0000000000 0000000000 0000000000 0000000000 0000000000 0000000000 0000000000
570: 0000000000 0000000000 0000000000 0000000000 0000000000 0000000000 0000000000 0000000000
578: 0000000000 0000000000 0000000000 0000000000 0000000000 0000000000 0000000000 0000000000
580: 0000000000 0000000000 0000000000 0000000000 0000000000 0000000000 0000000000 0000000000
588: 0000000000 0000000000 0000000000 0000000000 0000000000 0000000000 0000000000 0000000000
590: 0000000000 0000000000 0000000000 0000000000 0000000000 0000000000 0000000000 0000000000
598: 0000000000 0000000000 0000000000 0000000000 0000000000 0000000000 0000000000 0000000000
5a0: 0000000000 0000000000 0000000000 0000000000 0000000000 0000000000 0000000000 0000000000
5a8: 0000000000 0000000000 0000000000 0000000000 0000000000 0000000000 0000000000 0000000000
5b0: 0000000000 0000000000 0000000000 0000000000 0000000000 0000000000 0000000000 0000000000
5b8: 0000000000 0000000000 0000000000 0000000000 0000000000 0000000000 0000000000 0000000000
5c0: 0000000000 0000000000 0000000000 0000000000 0000000000 0000000000 0000000000 0000000000
5c8: 0000000000 0000000000 0000000000 0000000000 0000000000 0000000000 0000000000 0000000000
5d0: 0000000000 0000000000 0000000000 0000000000 0000000000 0000000000 0000000000 0000000000
5d8: 0000000000 0000000000 0000000000 0000000000 0000000000 0000000000 0000000000 0000000000
5e0: 0000000000 0000000000 0000000000 0000000000 0000000000 0000000000 0000000000 0000000000
5e8: 0000000000 0000000000 0000000000 0000000000 0000000000 0000000000 0000000000 0000000000
5f0: 0000000000 0000000000 0000000000 0000000000 0000000000 0000000000 0000000000 0000000000
5f8: 0000000000 0000000000 0000000000 0000000000 0000000000 0000000000 0000000000 0000000000
600: 0000000000 0000000000 0000000000 0000000000 0000000000 0000000000 0000000000 0000000000
608: 0000000000 0000000000 0000000000 0000000000 0000000000 0000000000 0000000000 0000000000
610: 0000000000 0000000000 0000000000 0000000000 0000000000 0000000000 0000000000 0000000000
618: 0000000000 0000000000 0000000000 0000000000 0000000000 0000000000 0000000000 0000000000
620: 0000000000 0000000000 0000000000 0000000000 0000000000 0000000000 0000000000 0000000000
628: 0000000000 0000000000 0000000000 0000000000 0000000000 0000000000 0000000000 0000000000
630: 0000000000 0000000000 0000000000 0000000000 0000000000 0000000000 0000000000 0000000000
638: 0000000000 0000000000 0000000000 0000000000 0000000000 0000000000 0000000000 0000000000
640: 0000000000 0000000000 0000000000 0000000000 0000000000 0000000000 0000000000 0000000000
648: 0000000000 0000000000 0000000000 0000000000 0000000000 0000000000 0000000000 0000000000
650: 0000000000 0000000000 0000000000 0000000000 0000000000 0000000000 0000000000 0000000000
658: 0000000000 0000000000 0000000000 0000000000 0000000000 0000000000 0000000000 0000000000
660: 0000000000 0000000000 0000000000 0000000000 0000000000 0000000000 0000000000 0000000000
668: 0000000000 0000000000 0000000000 0000000000 0000000000 0000000000 0000000000 0000000000
670: 0000000000 0000000000 0000000000 0000000000 0000000000 0000000000 0000000000 0000000000
678: 0000000000 0000000000 0000000000 0000000000 0000000000 0000000000 0000000000 0000000000
680: 0000000000 0000000000 0000000000 0000000000 0000000000 0000000000 0000000000 0000000000
688: 0000000000 0000000000 0000000000 0000000000 0000000000 0000000000 0000000000 0000000000
690: 0000000000 0000000000 0000000000 0000000000 0000000000 0000000000 0000000000 0000000000
698: 0000000000 0000000000 0000000000 0000000000 0000000000 0000000000 0000000000 0000000000
6a0: 0000000000 0000000000 0000000000 0000000000 0000000000 0000000000 0000000000 0000000000
6a8: 0000000000 0000000000 0000000000 0000000000 0000000000 0000000000 0000000000 0000000000
6b0: 0000000000 0000000000 0000000000 0000000000 0000000000 0000000000 0000000000 0000000000
6b8: 0000000000 0000000000 0000000000 0000000000 0000000000 0000000000 0000000000 0000000000
6c0: 0000000000 0000000000 0000000000 0000000000 0000000000 0000000000 0000000000 0000000000
6c8: 0000000000 0000000000 0000000000 0000000000 0000000000 0000000000 0000000000 0000000000
6d0: 0000000000 0000000000 0000000000 0000000000 0000000000 0000000000 0000000000 0000000000
6d8: 0000000000 0000000000 0000000000 0000000000 0000000000 0000000000 0000000000 0000000000
6e0: 0000000000 0000000000 0000000000 0000000000 0000000000 0000000000 0000000000 0000000000
6e8: 0000000000 0000000000 0000000000 0000000000 0000000000 0000000000 0000000000 0000000000
6f0: 0000000000 0000000000 0000000000 0000000000 0000000000 0000000000 0000000000 0000000000
6f8: 0000000000 0000000000 0000000000 0000000000 0000000000 0000000000 0000000000 0000000000
700: 0000000000 0000000000 0000000000 0000000000 0000000000 0000000000 0000000000 0000000000
708: 0000000000 0000000000 0000000000 0000000000 0000000000 0000000000 0000000000 0000000000
710: 0000000000 0000000000 0000000000 0000000000 0000000000 0000000000 0000000000 0000000000
718: 0000000000 0000000000 0000000000 0000000000 0000000000 0000000000 0000000000 0000000000
720: 0000000000 0000000000 0000000000 0000000000 0000000000 0000000000 0000000000 0000000000
728: 0000000000 0000000000 0000000000 0000000000 0000000000 0000000000 0000000000 0000000000
730: 0000000000 0000000000 0000000000 0000000000 0000000000 0000000000 0000000000 0000000000
738: 0000000000 0000000000 0000000000 0000000000 0000000000 0000000000 0000000000 0000000000
740: 0000000000 0000000000 0000000000 0000000000 0000000000 0000000000 0000000000 0000000000
748: 0000000000 0000000000 0000000000 0000000000 0000000000 0000000000 0000000000 0000000000
750: 0000000000 0000000000 0000000000 0000000000 0000000000 0000000000 0000000000 0000000000
758: 0000000000 0000000000 0000000000 0000000000 0000000000 0000000000 0000000000 0000000000
760: 0000000000 0000000000 0000000000 0000000000 0000000000 0000000000 0000000000 0000000000
768: 0000000000 0000000000 0000000000 0000000000 0000000000 0000000000 0000000000 0000000000
770: 0000000000 0000000000 0000000000 0000000000 0000000000 0000000000 0000000000 0000000000
778: 0000000000 0000000000 0000000000 0000000000 0000000000 0000000000 0000000000 0000000000
780: 0000000000 0000000000 0000000000 0000000000 0000000000 0000000000 0000000000 0000000000
788: 0000000000 0000000000 0000000000 0000000000 0000000000 0000000000 0000000000 0000000000
790: 0000000000 0000000000 0000000000 0000000000 0000000000 0000000000 0000000000 0000000000
798: 0000000000 0000000000 0000000000 0000000000 0000000000 0000000000 0000000000 0000000000
7a0: 0000000000 0000000000 0000000000 0000000000 0000000000 0000000000 0000000000 0000000000
7a8: 0000000000 0000000000 0000000000 0000000000 0000000000 0000000000 0000000000 0000000000
7b0: 0000000000 0000000000 0000000000 0000000000 0000000000 0000000000 0000000000 0000000000
7b8: 0000000000 0000000000 0000000000 0000000000 0000000000 0000000000 0000000000 0000000000
7c0: 0000000000 0000000000 0000000000 0000000000 0000000000 0000000000 0000000000 0000000000
7c8: 0000000000 0000000000 0000000000 0000000000 0000000000 0000000000 0000000000 0000000000
7d0: 0000000000 0000000000 0000000000 0000000000 0000000000 0000000000 0000000000 0000000000
7d8: 0000000000 0000000000 0000000000 0000000000 0000000000 0000000000 0000000000 0000000000
7e0: 0000000000 0000000000 0000000000 0000000000 0000000000 0000000000 0000000000 0000000000
7e8: 0000000000 0000000000 0000000000 0000000000 0000000000 0000000000 0000000000 0000000000
7f0: 0000000000 0000000000 0000000000 0000000000 0000000000 0000000000 0000000000 0000000000
7f8: 0000000000 0000000000 0000000000 0000000000 0000000000 0000000000 0000000000 0000000000
